x0 = [0 20]

x0 =

     0    20

y0 = [3707475887.00000 5281653820.00000]

y0 =

   1.0e+09 *

    3.7075    5.2817

c=newtdd(x0,y0,2)

c =

   1.0e+09 *

    3.7075    0.0787

y=nest(1,c,x,x0)

y =

   1.0e+09 *

  Columns 1 through 10

    3.7075    3.7083    3.7091    3.7098    3.7106    3.7114    3.7122    3.7130    3.7138    3.7146

  Columns 11 through 20

    3.7153    3.7161    3.7169    3.7177    3.7185    3.7193    3.7201    3.7209    3.7216    3.7224

  Columns 21 through 30

    3.7232    3.7240    3.7248    3.7256    3.7264    3.7272    3.7279    3.7287    3.7295    3.7303

  Columns 31 through 40

    3.7311    3.7319    3.7327    3.7334    3.7342    3.7350    3.7358    3.7366    3.7374    3.7382

  Columns 41 through 50

    3.7390    3.7397    3.7405    3.7413    3.7421    3.7429    3.7437    3.7445    3.7453    3.7460

  Columns 51 through 60

    3.7468    3.7476    3.7484    3.7492    3.7500    3.7508    3.7516    3.7523    3.7531    3.7539

  Columns 61 through 70

    3.7547    3.7555    3.7563    3.7571    3.7578    3.7586    3.7594    3.7602    3.7610    3.7618

  Columns 71 through 80

    3.7626    3.7634    3.7641    3.7649    3.7657    3.7665    3.7673    3.7681    3.7689    3.7697

  Columns 81 through 90

    3.7704    3.7712    3.7720    3.7728    3.7736    3.7744    3.7752    3.7760    3.7767    3.7775

  Columns 91 through 100

    3.7783    3.7791    3.7799    3.7807    3.7815    3.7822    3.7830    3.7838    3.7846    3.7854

  Columns 101 through 110

    3.7862    3.7870    3.7878    3.7885    3.7893    3.7901    3.7909    3.7917    3.7925    3.7933

  Columns 111 through 120

    3.7941    3.7948    3.7956    3.7964    3.7972    3.7980    3.7988    3.7996    3.8004    3.8011

  Columns 121 through 130

    3.8019    3.8027    3.8035    3.8043    3.8051    3.8059    3.8066    3.8074    3.8082    3.8090

  Columns 131 through 140

    3.8098    3.8106    3.8114    3.8122    3.8129    3.8137    3.8145    3.8153    3.8161    3.8169

  Columns 141 through 150

    3.8177    3.8185    3.8192    3.8200    3.8208    3.8216    3.8224    3.8232    3.8240    3.8248

  Columns 151 through 160

    3.8255    3.8263    3.8271    3.8279    3.8287    3.8295    3.8303    3.8310    3.8318    3.8326

  Columns 161 through 170

    3.8334    3.8342    3.8350    3.8358    3.8366    3.8373    3.8381    3.8389    3.8397    3.8405

  Columns 171 through 180

    3.8413    3.8421    3.8429    3.8436    3.8444    3.8452    3.8460    3.8468    3.8476    3.8484

  Columns 181 through 190

    3.8492    3.8499    3.8507    3.8515    3.8523    3.8531    3.8539    3.8547    3.8554    3.8562

  Columns 191 through 200

    3.8570    3.8578    3.8586    3.8594    3.8602    3.8610    3.8617    3.8625    3.8633    3.8641

  Columns 201 through 210

    3.8649    3.8657    3.8665    3.8673    3.8680    3.8688    3.8696    3.8704    3.8712    3.8720

  Columns 211 through 220

    3.8728    3.8736    3.8743    3.8751    3.8759    3.8767    3.8775    3.8783    3.8791    3.8798

  Columns 221 through 230

    3.8806    3.8814    3.8822    3.8830    3.8838    3.8846    3.8854    3.8861    3.8869    3.8877

  Columns 231 through 240

    3.8885    3.8893    3.8901    3.8909    3.8917    3.8924    3.8932    3.8940    3.8948    3.8956

  Columns 241 through 250

    3.8964    3.8972    3.8980    3.8987    3.8995    3.9003    3.9011    3.9019    3.9027    3.9035

  Columns 251 through 260

    3.9042    3.9050    3.9058    3.9066    3.9074    3.9082    3.9090    3.9098    3.9105    3.9113

  Columns 261 through 270

    3.9121    3.9129    3.9137    3.9145    3.9153    3.9161    3.9168    3.9176    3.9184    3.9192

  Columns 271 through 280

    3.9200    3.9208    3.9216    3.9224    3.9231    3.9239    3.9247    3.9255    3.9263    3.9271

  Columns 281 through 290

    3.9279    3.9286    3.9294    3.9302    3.9310    3.9318    3.9326    3.9334    3.9342    3.9349

  Columns 291 through 300

    3.9357    3.9365    3.9373    3.9381    3.9389    3.9397    3.9405    3.9412    3.9420    3.9428

  Columns 301 through 310

    3.9436    3.9444    3.9452    3.9460    3.9468    3.9475    3.9483    3.9491    3.9499    3.9507

  Columns 311 through 320

    3.9515    3.9523    3.9530    3.9538    3.9546    3.9554    3.9562    3.9570    3.9578    3.9586

  Columns 321 through 330

    3.9593    3.9601    3.9609    3.9617    3.9625    3.9633    3.9641    3.9649    3.9656    3.9664

  Columns 331 through 340

    3.9672    3.9680    3.9688    3.9696    3.9704    3.9712    3.9719    3.9727    3.9735    3.9743

  Columns 341 through 350

    3.9751    3.9759    3.9767    3.9774    3.9782    3.9790    3.9798    3.9806    3.9814    3.9822

  Columns 351 through 360

    3.9830    3.9837    3.9845    3.9853    3.9861    3.9869    3.9877    3.9885    3.9893    3.9900

  Columns 361 through 370

    3.9908    3.9916    3.9924    3.9932    3.9940    3.9948    3.9956    3.9963    3.9971    3.9979

  Columns 371 through 380

    3.9987    3.9995    4.0003    4.0011    4.0018    4.0026    4.0034    4.0042    4.0050    4.0058

  Columns 381 through 390

    4.0066    4.0074    4.0081    4.0089    4.0097    4.0105    4.0113    4.0121    4.0129    4.0137

  Columns 391 through 400

    4.0144    4.0152    4.0160    4.0168    4.0176    4.0184    4.0192    4.0200    4.0207    4.0215

  Columns 401 through 410

    4.0223    4.0231    4.0239    4.0247    4.0255    4.0262    4.0270    4.0278    4.0286    4.0294

  Columns 411 through 420

    4.0302    4.0310    4.0318    4.0325    4.0333    4.0341    4.0349    4.0357    4.0365    4.0373

  Columns 421 through 430

    4.0381    4.0388    4.0396    4.0404    4.0412    4.0420    4.0428    4.0436    4.0443    4.0451

  Columns 431 through 440

    4.0459    4.0467    4.0475    4.0483    4.0491    4.0499    4.0506    4.0514    4.0522    4.0530

  Columns 441 through 450

    4.0538    4.0546    4.0554    4.0562    4.0569    4.0577    4.0585    4.0593    4.0601    4.0609

  Columns 451 through 460

    4.0617    4.0625    4.0632    4.0640    4.0648    4.0656    4.0664    4.0672    4.0680    4.0687

  Columns 461 through 470

    4.0695    4.0703    4.0711    4.0719    4.0727    4.0735    4.0743    4.0750    4.0758    4.0766

  Columns 471 through 480

    4.0774    4.0782    4.0790    4.0798    4.0806    4.0813    4.0821    4.0829    4.0837    4.0845

  Columns 481 through 490

    4.0853    4.0861    4.0869    4.0876    4.0884    4.0892    4.0900    4.0908    4.0916    4.0924

  Columns 491 through 500

    4.0931    4.0939    4.0947    4.0955    4.0963    4.0971    4.0979    4.0987    4.0994    4.1002

  Columns 501 through 510

    4.1010    4.1018    4.1026    4.1034    4.1042    4.1050    4.1057    4.1065    4.1073    4.1081

  Columns 511 through 520

    4.1089    4.1097    4.1105    4.1113    4.1120    4.1128    4.1136    4.1144    4.1152    4.1160

  Columns 521 through 530

    4.1168    4.1175    4.1183    4.1191    4.1199    4.1207    4.1215    4.1223    4.1231    4.1238

  Columns 531 through 540

    4.1246    4.1254    4.1262    4.1270    4.1278    4.1286    4.1294    4.1301    4.1309    4.1317

  Columns 541 through 550

    4.1325    4.1333    4.1341    4.1349    4.1357    4.1364    4.1372    4.1380    4.1388    4.1396

  Columns 551 through 560

    4.1404    4.1412    4.1419    4.1427    4.1435    4.1443    4.1451    4.1459    4.1467    4.1475

  Columns 561 through 570

    4.1482    4.1490    4.1498    4.1506    4.1514    4.1522    4.1530    4.1538    4.1545    4.1553

  Columns 571 through 580

    4.1561    4.1569    4.1577    4.1585    4.1593    4.1601    4.1608    4.1616    4.1624    4.1632

  Columns 581 through 590

    4.1640    4.1648    4.1656    4.1663    4.1671    4.1679    4.1687    4.1695    4.1703    4.1711

  Columns 591 through 600

    4.1719    4.1726    4.1734    4.1742    4.1750    4.1758    4.1766    4.1774    4.1782    4.1789

