%This is the entry for question 1 a)

x0 = [0 1 2 3]

x0 =

     0     1     2     3

y0 = [3 5 4 1]

y0 =

     3     5     4     1

splineplot(x0,y0,4)

ans =

         0
    0.2500
    0.5000
    0.7500
    1.0000
    1.2500
    1.5000
    1.7500
    2.0000
    2.2500
    2.5000
    2.7500
    3.0000

splinecoeff(x0,y0)

ans =

   -2.0000    7.8000   -3.8000
    2.2000   -3.6000    0.4000
   -3.8000   -2.4000    3.2000

%This is the entry for question 6
x0 = [0 1 2 3 4]

x0 =

     0     1     2     3     4

y0 = [1 3 3 4 2]

y0 =

     1     3     3     4     2

splineplot(x0,y0,5)

ans =

         0
    0.2000
    0.4000
    0.6000
    0.8000
    1.0000
    1.2000
    1.4000
    1.6000
    1.8000
    2.0000
    2.2000
    2.4000
    2.6000
    2.8000
    3.0000
    3.2000
    3.4000
    3.6000
    3.8000
    4.0000

splinecoeff(x0,y0)

ans =

    2.6607         0   -0.6607
    0.6786   -1.9821    1.3036
    0.6250    1.9286   -1.5536
   -0.1786   -2.7321    0.9107

diary off
